myciel3.col
[0.0032460689544677734, 0.003983497619628906, 0.0005702972412109375, 0.0032808780670166016, 0.003688335418701172, 0.0034995079040527344, 0.0005593299865722656, 0.003450155258178711, 0.0035555362701416016, 0.003188610076904297, 0.0033075809478759766, 0.004046916961669922, 0.0034608840942382812, 0.0005548000335693359, 0.003081798553466797, 0.00339508056640625, 0.0034630298614501953, 0.0005357265472412109, 0.0033469200134277344, 0.0005381107330322266, 0.0005364418029785156, 0.0033380985260009766, 0.0030622482299804688, 0.003989458084106445, 0.0036046504974365234, 0.0034003257751464844, 0.0033435821533203125, 0.0035631656646728516, 0.0035865306854248047, 0.003515005111694336, 0.0036737918853759766, 0.0005557537078857422, 0.003777027130126953, 0.0033044815063476562, 0.0038318634033203125, 0.0037431716918945312, 0.0034880638122558594, 0.0032134056091308594, 0.0005595684051513672, 0.0034394264221191406, 0.0034685134887695312, 0.0031952857971191406, 0.004170656204223633, 0.0035517215728759766, 0.0034241676330566406, 0.0036547183990478516, 0.0032994747161865234, 0.00373077392578125, 0.003383636474609375, 0.0034637451171875]
myciel4.col
[0.005878925323486328, 0.005219221115112305, 0.007551670074462891, 0.004720211029052734, 0.005724906921386719, 0.005316734313964844, 0.007958173751831055, 0.0048754215240478516, 0.005083799362182617, 0.002591848373413086, 0.008114099502563477, 0.006401777267456055, 0.004408597946166992, 0.003612518310546875, 0.0059299468994140625, 0.004648923873901367, 0.009219646453857422, 0.006577253341674805, 0.003937721252441406, 0.006145000457763672, 0.004507541656494141, 0.005544185638427734, 0.003937721252441406, 0.004834651947021484, 0.006070852279663086, 0.005899667739868164, 0.0068454742431640625, 0.0075550079345703125, 0.004807472229003906, 0.003970623016357422, 0.0051839351654052734, 0.006032466888427734, 0.006451129913330078, 0.008057117462158203, 0.008646249771118164, 0.00612330436706543, 0.004839420318603516, 0.008137226104736328, 0.0061779022216796875, 0.004779815673828125, 0.010778665542602539, 0.0070154666900634766, 0.004106283187866211, 0.0056705474853515625, 0.005683422088623047, 0.005141258239746094, 0.006133317947387695, 0.005747795104980469, 0.006697654724121094, 0.004477977752685547]
myciel5.col
[0.0599055290222168, 0.08942246437072754, 0.05187392234802246, 0.14364838600158691, 0.04761219024658203, 0.05706906318664551, 0.13758039474487305, 0.06425166130065918, 0.0509335994720459, 0.07673859596252441, 0.08650779724121094, 0.045387983322143555, 0.02729654312133789, 0.04481196403503418, 0.06612849235534668, 0.024853229522705078, 0.1469128131866455, 0.19566035270690918, 0.05431985855102539, 0.06674432754516602, 0.06085371971130371, 0.06419658660888672, 0.05043959617614746, 0.08197999000549316, 0.13910770416259766, 0.10916304588317871, 0.02262139320373535, 0.10860848426818848, 0.055666208267211914, 0.021598100662231445, 0.02633190155029297, 0.05079483985900879, 0.04349350929260254, 0.07042336463928223, 0.07523226737976074, 0.1045064926147461, 0.03963613510131836, 0.06718635559082031, 0.028064727783203125, 0.22734761238098145, 0.13960599899291992, 0.07405829429626465, 0.5641226768493652, 0.03497481346130371, 0.07627177238464355, 0.09081387519836426, 0.10386919975280762, 0.08525419235229492, 0.10469913482666016, 0.09233427047729492]
games120.col
[0.2650339603424072, 0.36212658882141113, 0.4863243103027344, 0.23035454750061035, 0.3544301986694336, 0.2468128204345703, 0.2668161392211914, 0.2927985191345215, 0.29046154022216797, 0.30156540870666504, 0.5029833316802979, 0.28937244415283203, 0.29987096786499023, 0.23527026176452637, 0.2926449775695801, 0.41628503799438477, 0.30635905265808105, 0.22948408126831055, 0.42264318466186523, 0.4731154441833496, 0.2818267345428467, 0.23577380180358887, 0.30420422554016113, 0.20615482330322266, 0.25237298011779785, 0.23095035552978516, 0.4441869258880615, 0.2968459129333496, 0.22724413871765137, 0.25968241691589355, 0.25490522384643555, 0.2253556251525879, 0.36730313301086426, 0.22767162322998047, 0.2997782230377197, 0.23495697975158691, 0.3086972236633301, 0.24780750274658203, 0.24854683876037598, 0.4120361804962158, 0.2819507122039795, 0.3009912967681885, 0.3486802577972412, 0.2587921619415283, 0.385516881942749, 0.25714969635009766, 0.27247095108032227, 0.2734711170196533, 0.299025297164917, 0.32685232162475586]
huck.col
[0.08019638061523438, 0.05792808532714844, 0.06245779991149902, 0.03755617141723633, 0.05469512939453125, 0.05472207069396973, 0.06256604194641113, 0.030465126037597656, 0.08843398094177246, 0.06216883659362793, 0.052117347717285156, 0.20785903930664062, 0.09638643264770508, 0.096099853515625, 0.0963587760925293, 0.06537580490112305, 0.07927489280700684, 0.05826997756958008, 0.06649136543273926, 0.08022689819335938, 0.037599802017211914, 0.04638862609863281, 0.05067276954650879, 0.07595300674438477, 0.04172921180725098, 0.08014774322509766, 0.08360004425048828, 0.06192755699157715, 0.06110548973083496, 0.049658775329589844, 0.16551661491394043, 0.052300214767456055, 0.13839221000671387, 0.07424569129943848, 0.06638741493225098, 0.05876779556274414, 0.14931607246398926, 0.12433767318725586, 0.07776665687561035, 0.03333568572998047, 0.05591773986816406, 0.061704397201538086, 0.10153722763061523, 0.08185720443725586, 0.07721161842346191, 0.05301403999328613, 0.21868419647216797, 0.0720205307006836, 0.050882577896118164, 0.09690308570861816]
jean.col
[0.13672232627868652, 0.057668447494506836, 0.06973838806152344, 0.0625464916229248, 0.25748467445373535, 0.11841440200805664, 0.04401063919067383, 0.046549081802368164, 0.1318800449371338, 0.19521665573120117, 0.4071216583251953, 0.05561065673828125, 0.2581958770751953, 0.08837556838989258, 0.08902573585510254, 0.2005009651184082, 0.1473076343536377, 0.06089138984680176, 0.07174301147460938, 0.04599332809448242, 0.051492929458618164, 0.17738819122314453, 0.28270816802978516, 0.046291351318359375, 0.0766439437866211, 0.18012142181396484, 0.08953976631164551, 0.13660526275634766, 0.14424443244934082, 0.08600711822509766, 0.1481318473815918, 0.07958745956420898, 0.0715799331665039, 0.41971611976623535, 0.20317316055297852, 0.2988870143890381, 0.18625354766845703, 0.08551359176635742, 0.08699941635131836, 0.07332491874694824, 0.12470293045043945, 0.04671835899353027, 0.05984020233154297, 0.10181498527526855, 0.21588635444641113, 0.05964326858520508, 0.13877058029174805, 0.33218860626220703, 0.12356972694396973, 0.11497330665588379]
brute1.txt
[0.00028395652770996094, 0.0002727508544921875, 0.00026798248291015625, 0.0002627372741699219, 0.000263214111328125, 0.00026226043701171875, 0.0002598762512207031, 0.00026226043701171875, 0.0002732276916503906, 0.001909494400024414, 0.0019278526306152344, 0.00026679039001464844, 0.0002644062042236328, 0.00026345252990722656, 0.00026226043701171875, 0.00026488304138183594, 0.00026679039001464844, 0.0002617835998535156, 0.0002624988555908203, 0.0018794536590576172, 0.00026679039001464844, 0.0002646446228027344, 0.0002593994140625, 0.00026416778564453125, 0.00025963783264160156, 0.00026106834411621094, 0.0002627372741699219, 0.0002663135528564453, 0.0002605915069580078, 0.00026226043701171875, 0.00028133392333984375, 0.0002613067626953125, 0.00026297569274902344, 0.001951456069946289, 0.0002715587615966797, 0.00026416778564453125, 0.0002663135528564453, 0.000301361083984375, 0.0002646446228027344, 0.0018990039825439453, 0.00026488304138183594, 0.00026535987854003906, 0.0002639293670654297, 0.0002627372741699219, 0.00026679039001464844, 0.0017871856689453125, 0.00031304359436035156, 0.00026106834411621094, 0.0002567768096923828, 0.0002586841583251953]
