myciel3.col
[0.0016322135925292969, 0.0019922256469726562, 0.002294778823852539, 0.00103759765625, 0.00150299072265625, 0.0010228157043457031, 0.0011014938354492188, 0.0021326541900634766, 0.0006380081176757812, 0.0010590553283691406]
myciel4.col
[0.006089687347412109, 0.007440328598022461, 0.011030435562133789, 0.006896257400512695, 0.009249448776245117, 0.0068781375885009766, 0.011759519577026367, 0.014171361923217773, 0.017740249633789062, 0.006602287292480469]
myciel5.col
[0.055051326751708984, 0.11422419548034668, 0.05603528022766113, 0.1016690731048584, 0.06547904014587402, 0.03713798522949219, 0.11222648620605469, 0.05475902557373047, 0.06790471076965332, 0.04566526412963867]
games120.col
[0.22847652435302734, 0.2309870719909668, 0.39992332458496094, 0.3140530586242676, 0.29062700271606445, 0.32783007621765137, 0.1968076229095459, 0.1983628273010254, 0.1981806755065918, 0.26731038093566895]
huck.col
[0.06703758239746094, 0.09584736824035645, 0.06151390075683594, 0.17408227920532227, 0.059739112854003906, 0.06864047050476074, 0.11354184150695801, 0.12509989738464355, 0.2071685791015625, 0.10808348655700684]
jean.col
[0.08079767227172852, 0.08248734474182129, 0.0581202507019043, 0.06259322166442871, 0.0652463436126709, 0.13733196258544922, 0.19774603843688965, 0.13109183311462402, 0.08526921272277832, 0.05914020538330078]
brute1.txt
[0.0002949237823486328, 0.0007557868957519531, 0.0002949237823486328, 0.0002810955047607422, 0.0002789497375488281, 0.0002818107604980469, 0.00029349327087402344, 0.0002846717834472656, 0.00030612945556640625, 0.00029206275939941406]
